              t              E          E_var            C_V              M              X          M_abs
      2.0000000     -1.7394708      5.7126808      1.4281702     0.89279050      5.3046908     0.89359100
      2.0500000     -1.7010840      6.2033879      1.4761185    -0.87670850      4.3775821     0.87670850
      2.1000000     -1.6566595      6.8103197      1.5442902     0.85197038      3.9078447     0.85272812
      2.1500000     -1.6020230      7.6030900      1.6448004    -0.82038300      3.0583055     0.82038300
      2.2000000     -1.5421563      8.5836279      1.7734768    -0.77094213      4.8031450     0.77102137
      2.2500000     -1.4739053      9.3376274      1.8444696    -0.71497912      4.3321961     0.71497912
      2.3000000     -1.3789347      11.789839      2.2287031    -0.52732113      16.118933     0.54571137

Tid: 26
