              t              E          E_var            C_V              M              X          M_abs
      2.0000000     -1.7356825      19.799137      4.9497843    -0.87829116      27.786471     0.87829116
      2.0500000     -1.6978032      20.465612      4.8698661    -0.86085538      31.746782     0.86085538
      2.1000000     -1.6480724      22.521392      5.1068916    -0.81235588      48.771288     0.81235588
      2.1500000     -1.6024008      20.067096      4.3411780    -0.81061920      25.766169     0.81061920
      2.2000000     -1.5407772      18.788801      3.8819837    -0.76286364      18.089054     0.76286364
      2.2500000     -1.4065214      14.809254      2.9252848     0.21105938      78.037269     0.22635238
      2.3000000     -1.3384348      13.485196      2.5491864     0.28128240      55.068409     0.28726124

Tid: 168
