              t              E          E_var            C_V              M              X          M_abs
      2.0000000     -1.7367683      14.480225      3.6200561     0.88070094      24.049249     0.88070175
      2.0500000     -1.6942315      15.266314      3.6326744     0.83348469      39.764498     0.83348469
      2.1000000     -1.6431804      18.901947      4.2861558     0.77249138      59.204245     0.77249138
      2.1500000     -1.5781129      22.036907      4.7673136    -0.62015978      140.93216     0.62581659
      2.2000000     -1.5405928      13.502814      2.7898375     0.76490503      11.540887     0.76490503
      2.2500000     -1.4528913      15.501804      3.0620848     0.62952731      21.108349     0.62952731
      2.3000000     -1.3344612      11.134322      2.1047867   -0.085367375      43.653648     0.22943706

Tid: 114
