              t              E          E_var            C_V              M              X          M_abs
      2.0000000     -1.7289457      12.029132      3.0072830    -0.83973594      39.291281     0.84076450
      2.0500000     -1.6846743      14.679478      3.4930346     0.77262661      67.820792     0.77411483
      2.1000000     -1.6570624      8.9134450      2.0211893    -0.85733556      5.3449027     0.85736800
      2.1500000     -1.5934504      13.419717      2.9031297     0.76214183      30.832431     0.76746639
      2.2000000     -1.5324957      13.716955      2.8340817     0.71427506      28.211639     0.71530550
      2.2500000     -1.4606999      13.063591      2.5804624     0.66772456      16.346624     0.66863422
      2.3000000     -1.3435077      11.875179      2.2448354    0.064522667      29.638793     0.36531167

Tid: 59
